mean: 113.43518556
,15.16846234 
gamma: [0.93620414 0.06379586], shape: (2,) 
var: 2718.48517802
, 39.6623006,
